
tests/input1.txt

BFS,5,6,5
DFS,5,6,5
A*,5,6,5
Greedy,5,6,5
RBFS,5,6,5

tests/input2.txt

BFS,501804,501805,502625
DFS,7229,7230,7251
A*,3034,3035,5478
Greedy,1325,1326,2381
RBFS,1325,1326,2381

tests/input3.txt

BFS,70,71,71
DFS,32,33,35
A*,32,33,38
Greedy,31,32,37
RBFS,31,32,37

tests/input4.txt

BFS,53754,53755,53915
DFS,535,536,551
A*,244,245,357
Greedy,27,28,38
RBFS,51,52,75

tests/input5.txt

BFS,30990,30991,31231
DFS,1252,1253,1261
A*,466,467,715
Greedy,387,388,585
RBFS,387,388,585

tests/input6.txt

BFS,174522,174523,174601
DFS,32348,32349,32366
A*,480,481,770
Greedy,126,127,204
RBFS,126,127,204

tests/input7.txt

BFS,36996,36997,37011
DFS,10604,10605,10615
A*,294,295,438
Greedy,152,153,201
RBFS,153,154,203

tests/input8.txt

DFS,1818,1819,1838
A*,800,801,1174
Greedy,134,135,208
RBFS,134,135,208

tests/input9.txt

DFS,1818,1819,1838
A*,800,801,1174
Greedy,134,135,208
RBFS,134,135,208

tests/input10.txt

DFS,301436,301437,301453
A*,401,402,544
Greedy,130,131,179
RBFS,129,130,178
