None
inf
0	0	0	
0	0	2	
0	6	0	

(2, 2, 3)
inf
(2, 2, 1)
-inf
(0, 2, 3)
inf
(0, 2, 1)
-inf
(1, 1, 3)
inf
(1, 1, 1)
-inf
0	0	0	
0	0	2	
0	6	1	

(0, 2, 3)
inf
(1, 1, 3)
inf
0	0	1	
0	0	2	
0	6	0	

(2, 2, 3)
inf
(1, 1, 3)
inf
0	0	0	
0	1	2	
0	6	0	

(2, 2, 3)
inf
(0, 2, 3)
inf
0	0	0	
0	0	2	
0	6	3	

(0, 2, 1)
-inf
(1, 1, 1)
-inf
0	0	1	
0	0	2	
0	6	3	

(1, 1, 7)
inf
(1, 1, 5)
inf
(2, 0, 7)
inf
(2, 0, 5)
inf
0	0	0	
0	1	2	
0	6	3	

(2, 0, 7)
inf
(2, 0, 5)
inf
0	0	3	
0	0	2	
0	6	0	

(2, 2, 1)
-inf
(1, 1, 1)
-inf
0	0	3	
0	0	2	
0	6	1	

(1, 1, 7)
inf
(1, 1, 5)
inf
(2, 0, 7)
inf
(2, 0, 5)
inf
0	0	3	
0	1	2	
0	6	0	

(2, 2, 7)
inf
(2, 2, 5)
inf
(2, 0, 7)
inf
(2, 0, 5)
inf
0	0	0	
0	3	2	
0	6	0	

(2, 2, 1)
-inf
(0, 2, 1)
-inf
0	0	0	
0	3	2	
0	6	1	

(2, 0, 7)
inf
(2, 0, 5)
inf
0	0	1	
0	3	2	
0	6	0	

(2, 2, 7)
inf
(2, 2, 5)
inf
(2, 0, 7)
inf
(2, 0, 5)
inf
0	0	3	
0	0	2	
0	6	1	

(1, 1, 7)
inf
(1, 1, 5)
inf
(2, 0, 7)
inf
(2, 0, 5)
inf
0	0	0	
0	3	2	
0	6	1	

(2, 0, 7)
inf
(2, 0, 5)
inf
0	0	1	
0	0	2	
0	6	3	

(1, 1, 7)
inf
(1, 1, 5)
inf
(2, 0, 7)
inf
(2, 0, 5)
inf
0	0	1	
0	3	2	
0	6	0	

(2, 2, 7)
inf
(2, 2, 5)
inf
(2, 0, 7)
inf
(2, 0, 5)
inf
0	0	0	
0	1	2	
0	6	3	

(2, 0, 7)
inf
(2, 0, 5)
inf
0	0	3	
0	1	2	
0	6	0	

(2, 2, 7)
inf
(2, 2, 5)
inf
(2, 0, 7)
inf
(2, 0, 5)
inf
0	0	1	
0	7	2	
0	6	3	

(2, 0, 5)
inf
0	0	1	
0	5	2	
0	6	3	

(2, 0, 7)
inf
0	0	1	
0	0	2	
7	6	3	

(1, 1, 5)
inf
0	0	1	
0	0	2	
5	6	3	

(1, 1, 7)
inf
0	0	0	
0	1	2	
7	6	3	

(1, 0, 8)
inf
0	0	0	
0	1	2	
5	6	3	

(1, 0, 4)
inf
0	0	3	
0	7	2	
0	6	1	

(2, 0, 5)
inf
0	0	3	
0	5	2	
0	6	1	

(2, 0, 7)
inf
0	0	3	
0	0	2	
7	6	1	

(1, 1, 5)
inf
0	0	3	
0	0	2	
5	6	1	

(1, 1, 7)
inf
0	0	3	
0	1	2	
0	6	7	

(2, 0, 5)
inf
0	0	3	
0	1	2	
0	6	5	

(2, 0, 7)
inf
0	0	3	
0	1	2	
7	6	0	

(2, 2, 5)
inf
0	0	3	
0	1	2	
5	6	0	

(2, 2, 7)
inf
0	0	0	
0	3	2	
7	6	1	

(0, 1, 4)
inf
(1, 0, 4)
inf
0	0	0	
0	3	2	
5	6	1	

(0, 1, 4)
inf
(1, 0, 4)
-inf
0	0	0	
4	3	2	
5	6	1	

0	0	1	
0	3	2	
0	6	7	

(2, 0, 5)
inf
0	0	1	
0	3	2	
0	6	5	

(2, 0, 7)
inf
0	0	1	
0	3	2	
7	6	0	

(2, 2, 5)
inf
0	0	1	
0	3	2	
5	6	0	

(2, 2, 7)
inf
0	0	3	
0	7	2	
0	6	1	

(2, 0, 5)
inf
0	0	3	
0	5	2	
0	6	1	

(2, 0, 7)
inf
0	0	3	
0	0	2	
7	6	1	

(1, 1, 5)
inf
0	0	3	
0	0	2	
5	6	1	

(1, 1, 7)
inf
0	0	0	
0	3	2	
7	6	1	

(0, 1, 4)
inf
(1, 0, 4)
inf
0	0	0	
0	3	2	
5	6	1	

(0, 1, 4)
inf
(1, 0, 4)
-inf
0	0	0	
4	3	2	
5	6	1	

0	0	1	
0	7	2	
0	6	3	

(2, 0, 5)
inf
0	0	1	
0	5	2	
0	6	3	

(2, 0, 7)
inf
0	0	1	
0	0	2	
7	6	3	

(1, 1, 5)
inf
0	0	1	
0	0	2	
5	6	3	

(1, 1, 7)
inf
0	0	1	
0	3	2	
0	6	7	

(2, 0, 5)
inf
0	0	1	
0	3	2	
0	6	5	

(2, 0, 7)
inf
0	0	1	
0	3	2	
7	6	0	

(2, 2, 5)
inf
0	0	1	
0	3	2	
5	6	0	

(2, 2, 7)
inf
0	0	0	
0	1	2	
7	6	3	

(1, 0, 8)
inf
0	0	0	
0	1	2	
5	6	3	

(1, 0, 4)
inf
0	0	3	
0	1	2	
0	6	7	

(2, 0, 5)
inf
0	0	3	
0	1	2	
0	6	5	

(2, 0, 7)
inf
0	0	3	
0	1	2	
7	6	0	

(2, 2, 5)
inf
0	0	3	
0	1	2	
5	6	0	

(2, 2, 7)
inf
0	0	1	
0	7	2	
5	6	3	

(0, 1, 8)
inf
(1, 0, 8)
inf
0	0	1	
0	5	2	
7	6	3	

(0, 1, 4)
inf
(1, 0, 4)
inf
0	0	1	
0	5	2	
7	6	3	

(1, 0, 8)
inf
0	0	1	
0	7	2	
5	6	3	

(1, 0, 4)
inf
0	0	0	
8	1	2	
7	6	3	

(0, 0, 9)
inf
0	0	0	
4	1	2	
5	6	3	

0	0	3	
0	7	2	
5	6	1	

(0, 1, 4)
inf
0	0	3	
0	5	2	
7	6	1	

(0, 1, 4)
-inf
0	4	3	
0	5	2	
7	6	1	

(1, 0, 8)
inf
0	0	3	
0	5	2	
7	6	1	

(0, 1, 4)
-inf
0	4	3	
0	5	2	
7	6	1	

(1, 0, 8)
inf
0	0	3	
0	7	2	
5	6	1	

(0, 1, 4)
inf
0	0	3	
0	1	2	
5	6	7	

(0, 1, 4)
inf
0	0	3	
0	1	2	
7	6	5	

(0, 1, 4)
inf
0	0	3	
0	1	2	
7	6	5	

(0, 1, 4)
inf
0	0	3	
0	1	2	
5	6	7	

(0, 1, 4)
inf
0	4	0	
0	3	2	
7	6	1	

(1, 0, 8)
inf
0	0	0	
4	3	2	
7	6	1	

(0, 0, 5)
inf
0	4	0	
0	3	2	
5	6	1	

0	0	1	
0	3	2	
5	6	7	

(0, 1, 4)
inf
(1, 0, 4)
-inf
0	0	1	
4	3	2	
5	6	7	

0	0	1	
0	3	2	
7	6	5	

(0, 1, 4)
inf
(1, 0, 4)
inf
0	0	1	
0	3	2	
7	6	5	

(0, 1, 4)
inf
(1, 0, 4)
inf
0	0	1	
0	3	2	
5	6	7	

(0, 1, 4)
inf
(1, 0, 4)
-inf
0	0	1	
4	3	2	
5	6	7	

0	0	3	
0	7	2	
5	6	1	

(0, 1, 4)
inf
0	0	3	
0	5	2	
7	6	1	

(0, 1, 4)
-inf
0	4	3	
0	5	2	
7	6	1	

(1, 0, 8)
inf
0	0	3	
0	5	2	
7	6	1	

(0, 1, 4)
-inf
0	4	3	
0	5	2	
7	6	1	

(1, 0, 8)
inf
0	0	3	
0	7	2	
5	6	1	

(0, 1, 4)
inf
0	4	0	
0	3	2	
7	6	1	

(1, 0, 8)
inf
0	0	0	
4	3	2	
7	6	1	

(0, 0, 5)
inf
0	4	0	
0	3	2	
5	6	1	

0	0	1	
0	7	2	
5	6	3	

(0, 1, 8)
inf
(1, 0, 8)
inf
0	0	1	
0	5	2	
7	6	3	

(0, 1, 4)
inf
(1, 0, 4)
inf
0	0	1	
0	5	2	
7	6	3	

(1, 0, 8)
inf
0	0	1	
0	7	2	
5	6	3	

(1, 0, 4)
inf
0	0	1	
0	3	2	
5	6	7	

(0, 1, 4)
inf
(1, 0, 4)
-inf
0	0	1	
4	3	2	
5	6	7	

0	0	1	
0	3	2	
7	6	5	

(0, 1, 4)
inf
(1, 0, 4)
inf
0	0	1	
0	3	2	
7	6	5	

(0, 1, 4)
inf
(1, 0, 4)
inf
0	0	1	
0	3	2	
5	6	7	

(0, 1, 4)
inf
(1, 0, 4)
-inf
0	0	1	
4	3	2	
5	6	7	

0	0	0	
8	1	2	
7	6	3	

(0, 0, 9)
inf
0	0	0	
4	1	2	
5	6	3	

0	0	3	
0	1	2	
5	6	7	

(0, 1, 4)
inf
0	0	3	
0	1	2	
7	6	5	

(0, 1, 4)
inf
0	0	3	
0	1	2	
7	6	5	

(0, 1, 4)
inf
0	0	3	
0	1	2	
5	6	7	

(0, 1, 4)
inf
0	8	1	
0	7	2	
5	6	3	

(1, 0, 4)
inf
0	0	1	
8	7	2	
5	6	3	

(0, 0, 9)
inf
0	4	1	
0	5	2	
7	6	3	

(1, 0, 8)
inf
0	0	1	
4	5	2	
7	6	3	

0	0	1	
8	5	2	
7	6	3	

(0, 1, 4)
inf
0	0	1	
4	7	2	
5	6	3	

(0, 1, 8)
inf
9	0	0	
8	1	2	
7	6	3	

0	4	3	
0	7	2	
5	6	1	

(1, 0, 8)
inf
0	4	3	
8	5	2	
7	6	1	

(0, 0, 9)
inf
0	4	3	
8	5	2	
7	6	1	

(0, 0, 9)
inf
0	4	3	
0	7	2	
5	6	1	

(1, 0, 8)
inf
0	4	3	
0	1	2	
5	6	7	

0	4	3	
0	1	2	
7	6	5	

(1, 0, 8)
inf
0	4	3	
0	1	2	
7	6	5	

(1, 0, 8)
inf
0	4	3	
0	1	2	
5	6	7	

0	4	0	
8	3	2	
7	6	1	

(0, 2, 5)
inf
(0, 0, 5)
inf
5	0	0	
4	3	2	
7	6	1	

0	4	1	
0	3	2	
5	6	7	

0	4	1	
0	3	2	
7	6	5	

(1, 0, 8)
inf
0	0	1	
4	3	2	
7	6	5	

0	4	1	
0	3	2	
7	6	5	

(1, 0, 8)
inf
0	0	1	
4	3	2	
7	6	5	

0	4	1	
0	3	2	
5	6	7	

0	4	3	
0	7	2	
5	6	1	

(1, 0, 8)
inf
0	4	3	
8	5	2	
7	6	1	

(0, 0, 9)
inf
0	4	3	
8	5	2	
7	6	1	

(0, 0, 9)
inf
0	4	3	
0	7	2	
5	6	1	

(1, 0, 8)
inf
0	4	0	
8	3	2	
7	6	1	

(0, 2, 5)
inf
(0, 0, 5)
inf
5	0	0	
4	3	2	
7	6	1	

0	8	1	
0	7	2	
5	6	3	

(1, 0, 4)
inf
0	0	1	
8	7	2	
5	6	3	

(0, 0, 9)
inf
0	4	1	
0	5	2	
7	6	3	

(1, 0, 8)
inf
0	0	1	
4	5	2	
7	6	3	

0	0	1	
8	5	2	
7	6	3	

(0, 1, 4)
inf
0	0	1	
4	7	2	
5	6	3	

(0, 1, 8)
inf
0	4	1	
0	3	2	
5	6	7	

0	4	1	
0	3	2	
7	6	5	

(1, 0, 8)
inf
0	0	1	
4	3	2	
7	6	5	

0	4	1	
0	3	2	
7	6	5	

(1, 0, 8)
inf
0	0	1	
4	3	2	
7	6	5	

0	4	1	
0	3	2	
5	6	7	

9	0	0	
8	1	2	
7	6	3	

0	4	3	
0	1	2	
5	6	7	

0	4	3	
0	1	2	
7	6	5	

(1, 0, 8)
inf
0	4	3	
0	1	2	
7	6	5	

(1, 0, 8)
inf
0	4	3	
0	1	2	
5	6	7	

0	8	1	
4	7	2	
5	6	3	

(0, 0, 9)
inf
9	0	1	
8	7	2	
5	6	3	

0	4	1	
8	5	2	
7	6	3	

(0, 0, 9)
inf
0	4	1	
8	5	2	
7	6	3	

(0, 0, 9)
inf
0	8	1	
4	7	2	
5	6	3	

(0, 0, 9)
inf
0	4	3	
8	7	2	
5	6	1	

(0, 0, 9)
inf
9	4	3	
8	5	2	
7	6	1	

9	4	3	
8	5	2	
7	6	1	

Is goal? True
Solution:
9	4	3	
8	5	2	
7	6	1	

165
